 Nodo Origen Nodo Destino Distancia (m)
1 2 5.8298
2 3 9.5977
3 4 18.4045
3 5 7.3217
5 6 4.8936
5 7 7.4307
7 8 18.2128
7 9 4.0036
9 10 10.742
10 11 4.394
11 12 18.2128
11 13 7.3328
13 14 4.7021
13 15 7.234
15 16 18.3191
15 17 9.5973
17 18 6.3617
17 19 9.4796
19 20 18.277
19 21 7.2621
21 22 4.0638
21 23 7.3617
23 24 18.0213
23 25 4.8355
25 26 10.3211
26 27 4.4274
27 28 17.8939
27 29 7.2352
29 30 4.321
29 31 7.3628
31 32 18.1494
31 33 9.3908
33 34 5.8312
33 35 9.7242
35 36 18.4047
35 37 7.289
37 38 4.0638
37 39 7.4779
39 40 18.0213
39 41 4.4633
41 42 10.4251
42 43 4.6878
43 44 17.617
43 45 7.111
45 46 3.9382
45 47 7.3628
47 48 18.1277
47 49 9.5106
49 50 6.3417
49 51 9.4776
51 52 18.1915
51 53 7.4855
53 54 3.8511
53 55 7.2352
55 56 18.2979
55 57 4.234
57 58 11.1163
58 59 3.8532
59 60 18.2979
59 61 7.1075
61 62 4.7234
61 63 7.5957
63 64 18.1919
63 2 9.5779